0 1 2 3 4 5 0 1 0 1 2 3 4 5 0 1 0 1 2 3 6 7 0 1 0 1 2 3 4 5 0 1 8 9 2 3 4 5 8 9 0 1 0 1 0 1 0 1 2 3 4 5 10 10 2 3 11 12 0 1 0 1 8 9 2 3 8 9 2 3 8 9 2 3 8 9 2 3 0 1 8 9 0 1 11 12 11 12 0 1 10 10 2 3 13 14 14 15 15 15 15 15 2 3 15 15 15 15 15 15 15 15 16 17 15 15 16 17 15 15 15 15 15 15 15 15 14 14 0 1 0 1 2 3 11 12 0 1 2 3 8 9 0 1 2 3 4 5 18 19 20 21 0 1 22 23 2 3 20 21 0 1 22 23 2 3 20 21 0 1 6 7 8 9 13 14 
24 25 2 3 26 27 28 29 30 31 2 3 26 27 28 29 30 31 2 3 6 32 28 29 30 31 2 3 26 27 28 29 24 25 2 3 26 27 10 10 30 31 30 31 30 31 30 31 2 3 33 34 10 10 2 3 30 31 30 31 30 31 24 25 2 3 10 10 2 3 10 10 2 3 10 10 2 3 30 31 10 10 30 31 30 31 30 31 30 31 10 10 2 3 15 14 14 15 15 35 15 15 2 17 15 15 36 15 36 15 36 15 2 17 15 35 2 3 15 15 15 15 36 15 36 15 15 14 30 31 24 25 2 3 30 31 30 31 2 3 10 10 30 31 2 3 26 27 24 25 30 31 37 38 39 40 2 3 41 42 37 38 39 40 2 3 41 42 37 38 6 32 10 10 43 14
11 12 2 3 44 45 8 9 0 1 2 3 44 45 8 9 0 1 2 3 4 5 8 9 0 1 2 3 44 45 8 9 11 12 2 3 44 45 10 10 0 1 0 1 0 1 0 1 2 3 46 47 10 10 2 3 0 1 0 1 0 1 11 12 2 3 10 10 2 3 10 10 2 3 10 10 2 3 0 1 10 10 0 1 0 1 0 1 0 1 10 10 2 3 15 14 14 15 48 49 15 15 16 17 15 15 15 15 15 15 15 15 16 17 48 49 2 3 15 15 15 15 15 15 15 15 15 14 0 1 11 12 2 3 0 1 0 1 2 3 10 10 0 1 2 3 44 45 11 12 0 1 2 3 22 23 2 3 20 21 2 3 22 23 2 3 20 21 2 3 4 5 10 10 13 14
30 31 2 3 33 34 10 10 30 31 2 3 26 27 10 10 30 31 2 3 26 27 10 10 30 31 2 3 26 27 10 10 30 31 2 3 26 27 10 10 30 31 30 31 50 51 52 53 54 55 56 57 58 58 58 58 59 60 61 62 30 31 30 31 2 3 10 10 2 3 10 10 2 3 10 10 2 3 28 29 10 10 30 31 50 51 52 53 58 58 56 57 54 55 15 14 14 15 15 15 15 15 54 55 15 15 15 15 63 64 63 64 2 3 63 64 2 3 15 15 15 35 15 15 15 15 15 14 56 57 58 58 58 58 59 60 61 62 2 3 10 10 30 31 2 3 33 34 30 31 30 31 2 3 30 31 2 3 30 31 2 3 30 31 2 3 28 29 2 3 33 34 10 10 15 14
0 1 2 3 46 47 10 10 0 1 2 3 44 45 10 10 0 1 2 3 44 45 10 10 0 1 2 3 44 45 10 10 0 1 2 3 44 45 10 10 0 1 0 1 68 52 65 14 14 14 14 14 14 14 14 14 14 66 67 70 0 1 0 1 2 3 10 10 2 3 10 10 2 3 10 10 2 3 8 9 10 10 0 1 68 52 66 14 14 14 14 14 14 14 14 14 14 14 14 14 14 14 14 14 15 15 15 15 14 69 14 69 2 3 14 69 2 3 15 15 48 49 14 14 14 14 14 14 14 14 14 14 14 14 14 66 67 70 2 3 10 10 0 1 2 3 46 47 0 1 0 1 2 3 0 1 2 3 0 1 2 3 0 1 2 3 8 9 2 3 46 47 10 10 15 14
30 31 2 3 30 31 10 10 30 31 2 3 33 34 10 10 28 29 2 3 26 27 10 10 30 31 2 3 33 34 10 10 30 31 2 3 26 27 10 10 50 51 52 53 71 65 72 73 2 3 30 31 24 25 2 3 74 75 66 76 56 57 58 58 2 3 10 10 2 3 10 10 2 3 10 10 2 3 24 25 10 10 50 51 77 65 72 73 30 31 30 31 37 38 43 14 14 15 63 64 63 64 2 3 15 15 58 78 15 15 63 64 14 14 14 14 14 14 15 15 58 78 15 15 15 35 79 80 6 7 30 31 37 38 64 65 66 76 58 58 56 57 58 58 58 58 59 60 61 62 30 31 2 3 30 31 2 3 30 31 2 3 30 31 2 3 24 25 2 3 50 51 52 53 15 14
0 1 2 3 0 1 10 10 0 1 2 3 46 47 10 10 8 9 2 3 44 45 10 10 0 1 2 3 46 47 10 10 0 1 2 3 44 45 10 10 68 52 66 14 14 14 81 82 2 3 0 1 11 12 2 3 18 19 14 14 14 14 14 14 2 3 10 10 2 3 10 10 2 3 10 10 2 3 11 12 10 10 68 52 65 83 81 82 0 1 0 1 2 3 13 14 14 15 14 69 14 69 2 3 14 14 14 14 84 85 14 69 14 14 14 14 37 38 14 14 14 14 84 85 48 49 79 80 4 5 0 1 2 3 18 19 14 14 14 14 14 14 14 14 14 14 14 66 67 70 0 1 2 3 0 1 2 3 0 1 2 3 0 1 2 3 11 12 2 3 68 52 65 14 14 14
30 31 2 3 30 31 10 10 28 29 2 3 30 31 10 10 24 25 2 3 33 34 10 10 30 31 2 3 30 31 10 10 24 25 2 3 33 34 50 51 77 65 72 73 28 29 30 31 2 3 30 31 30 31 2 3 30 31 2 3 28 29 28 29 2 3 10 10 2 3 10 10 2 3 10 10 2 3 28 29 50 51 77 65 72 73 28 29 30 31 30 31 2 3 43 14 14 15 15 15 15 15 2 17 63 64 2 3 66 78 15 15 14 14 14 14 2 17 63 64 2 3 66 78 15 15 79 80 33 34 30 31 2 3 30 31 28 29 2 3 24 25 2 3 24 25 74 75 66 67 61 62 2 3 30 31 2 3 30 31 2 3 30 31 2 3 30 31 2 3 71 65 72 73 43 14
0 1 2 3 0 1 10 10 8 9 2 3 0 1 10 10 11 12 2 3 46 47 10 10 0 1 2 3 0 1 10 10 11 12 2 3 46 47 68 52 65 83 81 82 8 9 0 1 2 3 0 1 0 1 2 3 0 1 2 3 8 9 8 9 2 3 10 10 2 3 10 10 2 3 10 10 2 3 8 9 68 52 65 83 81 82 8 9 0 1 0 1 2 3 13 14 14 15 15 15 15 15 16 17 14 69 2 3 86 66 87 88 14 14 14 14 16 17 14 69 2 3 86 66 87 88 79 80 46 47 0 1 2 3 0 1 8 9 2 3 11 12 2 3 11 12 18 19 90 66 67 70 2 3 0 1 2 3 0 1 2 3 0 1 2 3 0 1 2 3 14 14 82 83 13 14
56 57 54 55 56 57 56 57 56 57 54 55 56 57 56 57 56 57 54 55 56 57 56 57 56 57 54 55 56 57 56 57 56 57 54 55 56 57 71 65 56 57 56 57 56 57 56 57 54 55 56 57 56 57 54 55 56 57 54 55 56 57 56 57 54 55 56 57 54 55 56 57 54 55 56 57 54 55 56 57 71 65 56 57 56 57 56 57 56 57 56 57 54 55 91 14 14 15 58 78 15 15 54 55 15 15 54 55 15 92 66 89 14 14 14 14 54 55 58 78 54 55 15 92 66 89 79 80 56 57 56 57 54 55 56 57 56 57 54 55 56 57 54 55 56 57 56 57 56 57 66 93 54 55 56 57 54 55 56 57 54 55 56 57 54 55 56 57 54 55 56 57 56 57 91 14
14 14 14 14 14 14 14 14 14 14 14 14 14 14 14 14 14 14 14 14 14 14 14 14 14 14 14 14 14 14 14 14 14 14 14 14 14 14 14 14 14 14 14 14 14 14 14 14 14 14 14 14 14 14 14 14 14 14 14 14 14 14 14 14 14 14 14 14 14 14 14 14 14 14 14 14 14 14 14 14 14 14 14 14 14 14 14 14 14 14 14 14 14 14 14 14 14 14 14 14 14 14 14 14 14 14 14 14 14 14 14 14 14 14 14 14 14 14 14 14 14 14 14 14 14 14 14 14 14 14 14 14 14 14 14 14 14 14 14 14 14 14 14 14 14 14 14 14 14 14 14 14 14 14 14 14 14 14 14 14 14 14 14 14 14 14 14 14 14 14 14 14 14 14 14 14
14 14 14 14 14 14 14 14 14 14 14 14 14 14 14 14 14 14 14 14 14 14 14 14 14 14 14 14 14 14 14 14 14 14 14 14 14 14 14 14 14 14 14 14 14 14 14 14 14 14 14 14 14 14 14 14 14 14 14 14 14 14 14 14 14 14 14 14 14 14 14 14 14 14 14 14 14 14 14 14 14 14 14 14 14 14 14 14 14 14 14 14 14 14 14 37 38 15 94 95 14 37 38 14 14 14 14 37 38 14 14 37 38 14 14 2 3 15 94 95 14 14 14 2 3 79 80 14 14 14 14 14 14 14 14 14 14 14 14 14 14 14 14 14 14 14 14 14 14 14 14 14 14 14 14 14 14 14 14 14 14 14 14 14 14 14 14 14 14 14 14 14 14 14
14 14 14 14 14 14 14 14 14 14 14 14 14 14 14 14 14 14 14 14 14 14 14 14 14 14 14 14 14 14 14 14 14 14 14 14 14 14 14 14 14 14 14 14 14 14 14 14 14 14 14 14 14 14 14 14 14 14 14 14 14 14 14 14 14 14 14 14 14 14 14 14 14 14 14 14 14 14 14 14 14 14 14 14 14 14 14 14 14 14 14 14 14 14 14 2 3 15 15 94 95 2 17 14 14 14 14 2 17 14 14 2 3 14 14 2 3 15 15 94 95 14 14 2 3 79 80 14 14 14 14 14 14 14 14 14 14 14 14 14 14 14 14 14 14 14 14 14 14 14 14 14 14 14 14 14 14 14 14 14 14 14 14 14 14 14 14 14 14 14 14 14 14 14
14 14 14 14 14 14 14 14 14 14 14 14 14 14 14 14 14 14 14 14 14 14 14 14 14 14 14 14 14 14 14 14 14 14 14 14 14 14 14 14 14 14 14 14 14 14 14 14 14 14 14 14 14 14 14 14 14 14 14 14 14 14 14 14 14 14 14 14 14 14 14 14 14 14 14 14 14 14 14 14 14 14 14 14 14 14 14 14 14 14 14 14 14 14 14 2 3 15 15 15 94 16 17 14 14 14 14 16 17 14 14 2 3 14 14 2 3 15 15 15 94 95 14 2 3 79 80 14 14 14 14 14 14 14 14 14 14 14 14 14 14 14 14 14 14 14 14 14 14 14 14 14 14 14 14 14 14 14 14 14 14 14 14 14 14 14 14 14 14 14 14 14 14 14
14 14 14 14 14 14 14 14 14 14 14 14 14 14 14 14 14 14 14 14 14 14 14 14 14 14 14 14 14 14 14 14 14 14 14 14 14 14 14 14 14 14 14 14 14 14 14 14 14 14 14 14 14 14 14 14 14 14 14 14 14 14 14 14 14 14 14 14 14 14 14 14 14 14 14 14 14 14 14 14 14 14 14 14 14 14 14 14 14 14 14 14 14 14 14 2 17 15 15 15 15 14 14 14 14 14 14 2 17 14 14 2 3 14 14 2 3 15 15 15 15 94 95 2 3 79 80 14 14 14 14 14 14 14 14 14 14 14 14 14 14 14 14 14 14 14 14 14 14 14 14 14 14 14 14 14 14 14 14 14 14 14 14 14 14 14 14 14 14 14 14 14 14 14
14 14 14 14 14 14 14 14 14 14 14 14 14 14 14 14 14 14 14 14 14 14 14 14 14 14 14 14 14 14 14 14 14 14 14 14 14 14 14 14 14 14 14 14 14 14 14 14 14 14 14 14 14 14 14 14 14 14 14 14 14 14 14 14 14 14 14 14 14 14 14 14 14 14 14 14 14 14 14 14 14 14 14 14 14 14 14 14 14 14 14 14 14 14 14 16 17 15 15 15 15 37 38 14 14 14 14 16 17 14 14 2 3 14 14 2 3 15 15 15 15 15 94 2 3 79 80 14 14 14 14 14 14 14 14 14 14 14 14 14 14 14 14 14 14 14 14 14 14 14 14 14 14 14 14 14 14 14 14 14 14 14 14 14 14 14 14 14 14 14 14 14 14 14
14 14 14 14 14 14 14 14 14 14 14 14 14 14 14 14 14 14 14 14 14 14 14 14 14 14 14 14 14 14 14 14 14 14 14 14 14 14 14 14 14 14 14 14 14 14 14 14 14 14 14 14 14 14 14 14 14 14 14 14 14 14 14 14 14 14 14 14 14 14 14 14 14 14 14 14 14 14 14 14 14 14 14 14 14 14 14 14 14 14 14 14 14 14 14 14 14 14 14 14 14 14 14 14 14 14 14 14 14 14 14 14 14 14 14 14 14 14 14 14 14 14 14 14 14 79 80 14 14 14 14 14 14 14 14 14 14 14 14 14 14 14 14 14 14 14 14 14 14 14 14 14 14 14 14 14 14 14 14 14 14 14 14 14 14 14 14 14 14 14 14 14 14 14
14 14 14 14 14 14 14 14 14 14 14 14 14 14 14 14 14 14 14 14 14 14 14 14 14 14 14 14 14 14 14 14 14 14 14 14 14 14 14 14 14 14 14 14 14 14 14 14 14 14 14 14 14 14 14 14 14 14 14 14 14 14 14 14 14 14 14 14 14 14 14 14 14 14 14 14 14 14 14 14 14 14 14 14 14 14 14 14 14 14 14 14 14 14 14 37 38 96 97 96 97 37 38 98 99 96 97 37 38 14 14 37 38 14 14 37 38 96 97 96 97 96 97 37 38 79 80 14 14 14 14 14 14 14 14 14 14 14 14 14 14 14 14 14 14 14 14 14 14 14 14 14 14 14 14 14 14 14 14 14 14 14 14 14 14 14 14 14 14 14 14 14 14 14
14 14 14 14 14 14 14 14 14 14 14 14 14 14 14 14 14 14 14 14 14 14 14 14 14 14 14 14 14 14 14 14 14 14 14 14 14 14 14 14 14 14 14 14 14 14 14 14 14 14 14 14 14 14 14 14 14 14 14 14 14 14 14 14 14 14 14 14 14 14 14 14 14 14 14 14 14 14 14 14 14 14 14 14 14 14 14 14 14 14 14 14 14 14 14 2 17 14 14 14 14 2 17 100 101 102 102 2 3 14 103 2 3 14 103 2 3 102 102 14 103 14 14 2 3 14 14 14 14 14 14 14 14 14 14 14 14 14 14 14 14 14 14 14 14 14 14 14 14 14 14 14 14 14 14 14 14 14 14 14 14 14 14 14 14 14 14 14 14 14 14 14 14 14 14
14 14 14 14 14 14 14 14 14 14 14 14 14 14 14 14 14 14 14 14 14 14 14 14 14 14 14 14 14 14 14 14 14 14 14 14 14 14 14 14 14 14 14 14 14 14 14 14 14 14 14 14 14 14 14 14 14 14 14 14 14 14 14 14 14 14 14 14 14 14 14 14 14 14 14 14 14 14 14 14 14 14 14 14 14 14 14 14 14 14 14 14 14 14 14 16 17 14 14 14 14 16 17 14 14 102 102 2 3 104 105 2 3 104 105 2 3 102 102 104 105 14 14 2 3 96 97 14 14 14 14 14 14 14 14 14 14 14 14 14 14 14 14 14 14 14 14 14 14 14 14 14 14 14 14 14 14 14 14 14 14 14 14 14 14 14 14 14 14 14 14 14 14 14
14 14 14 14 14 14 14 14 14 14 14 14 14 14 14 14 14 14 14 14 14 14 14 14 14 14 14 14 14 14 14 14 14 14 14 14 14 14 14 14 14 14 14 14 14 14 14 14 14 14 14 14 14 14 14 14 14 14 14 14 14 14 14 14 14 14 14 14 14 14 14 14 14 14 14 14 14 14 14 14 14 14 14 14 14 14 14 14 14 14 14 14 14 14 14 106 107 106 107 106 107 106 107 106 107 106 107 106 107 106 107 106 107 106 107 106 107 106 107 106 107 106 107 14 14 106 107 14 14 14 14 14 14 14 14 14 14 14 14 14 14 14 14 14 14 14 14 14 14 14 14 14 14 14 14 14 14 14 14 14 14 14 14 14 14 14 14 14 14 14 14 14 14 14
14 14 14 14 14 14 14 14 14 14 14 14 14 14 14 14 14 14 14 14 14 14 14 14 14 14 14 14 14 14 14 14 14 14 14 14 14 14 14 14 14 14 14 14 14 14 14 14 14 14 14 14 14 14 14 14 14 14 14 14 14 14 14 14 14 14 14 14 14 14 14 14 14 14 14 14 14 14 14 14 14 14 14 14 14 14 14 14 14 14 14 14 14 14 14 108 109 108 109 108 109 108 109 108 109 108 109 108 109 108 109 108 109 108 109 108 109 108 109 108 109 108 109 37 38 108 109 14 14 14 14 14 14 14 14 14 14 14 14 14 14 14 14 14 14 14 14 14 14 14 14 14 14 14 14 14 14 14 14 14 14 14 14 14 14 14 14 14 14 14 14 14 14 14
END