2001 65 13 2001 2002 2003 2004 2005 2006 2007 2008 2009 2010 2011 2012 2013
2002 65 3 2013 2014 2015
3001 100 1 3001
4001 100 2 4001 4002
6001 100 1 6001
6002 100 3 6002 6003 6004
6003 100 1 6005
6004 100 3 6006 6007 6008
6005 100 1 6009
6006 150 3 6010 6011 6012
6007 150 3 6013 6014 6015
6008 100 1 6016
6009 100 1 6017
6010 150 3 6018 6019 6020
6011 150 3 6021 6022 6023
6012 200 2 6024 6025
6013 200 2 6026 6027
6014 100 1 6026
6015 100 1 6024
6016 200 2 6028 6029
6017 200 2 6030 6031
6018 100 1 6030
6019 100 1 6028
6020 100 1 6032
6021 100 1 6033
7001 150 3 7001 7002 7003
7002 150 3 7004 7005 7006
7003 150 3 7007 7008 7009
7004 150 3 7010 7011 7012
7005 150 3 7013 7014 7015
7006 150 3 7016 7017 7018
8001 100 2 8001 8002
9001 100 2 9001 9002
9002 40 3 9017 9016 9018
11001 100 2 11001 11002
14001 150 1 14001
14002 150 1 14002
15001 100 3 15001 15002 15003
15002 100 3 15004 15005 15006
16001 100 4 16001 16002 16003 16004
16002 100 4 16005 16006 16007 16008
17001 100 1 17001
17002 100 1 17004
17003 100 2 17002 17003
18001 100 2 18001 18002
18002 100 2 18003 18004
19001 100 1 19001
19002 90 3 19002 19003 19004
19003 100 1 19004
19004 100 1 19008
19005 90 3 19007 19006 19005
19006 100 1 19005
21001 100 1 21001
21002 200 2 21002 21003
21003 100 1 21003
21004 200 2 21003 21002
22001 100 3 22001 22002 22003
22002 100 3 22004 22005 22006
23001 100 1 23003
23002 100 2 23003 23002
23003 100 1 23001
23004 100 1 23006
23005 100 2 23006 23005
23006 100 1 23004
25001 100 1 25001
25002 100 2 25002 25003
26001 100 1 26001
28001 100 3 28001 28002 28003
END