7 -2 0 320 5632 32
8 5 1378 192 96 32
9 5 1506 128 320 32
10 5 1856 192 160 32
11 -1 2016 192 32 32
12 5 2782 128 544 32
13 5 3328 192 128 32
14 5 3232 448 64 32
15 5 3040 512 448 32
16 5 3552 512 64 32
17 5 3680 512 288 32
18 -1 3968 512 32 32
19 5 3936 640 64 32
20 5 4004 576 64 32
21 5 3712 160 64 32
22 5 3776 192 128 32
23 5 3904 128 416 32
24 5 4032 0 64 32
25 5 4352 192 352 32
26 5 5434 256 32 32
27 -1 5466 256 32 32
28 5 5536 192 96 32
29 131 1250 288 32 32
30 131 1282 256 32 32
31 131 1314 224 32 32
32 131 1346 192 32 32
33 131 1442 160 32 32
34 131 1474 128 32 32
35 13 1824 128 32 32
36 13 1860 160 32 32
37 131 2590 288 32 32
38 131 2622 256 32 32
39 131 2654 224 32 32
40 131 2686 192 32 32
41 131 2718 160 32 32
42 131 2750 128 32 32
43 13 3456 224 32 32
44 13 3488 256 32 32
45 13 3520 288 32 32
46 13 3136 352 32 32
47 13 3168 384 32 32
48 13 3200 416 32 32
49 13 3776 352 32 32
50 13 3808 384 32 32
51 13 3840 416 32 32
52 13 3872 448 32 32
53 13 3904 480 32 32
54 13 3904 224 32 32
56 13 3936 256 32 32
57 13 3968 288 32 32
58 13 4320 128 32 32
59 13 4352 160 32 32
60 13 4702 192 32 32
61 13 4734 224 32 32
62 13 4766 256 32 32
63 13 4798 288 32 32
64 131 5470 224 32 32
65 131 5502 192 32 32
66 -3 1245 305 20 20
67 -4 1377 113 20 20
68 -3 1430 180 20 20
69 -4 1504 50 20 20
70 -5 1806 50 20 20
71 -6 1875 175 20 20
72 -3 2575 310 20 20
73 -4 2781 50 20 20
74 -5 3405 130 20 20
75 -6 3538 310 20 20
76 -5 3105 240 20 20
77 -6 3220 430 20 20
78 -5 3720 240 20 20
79 -6 3920 490 20 20
80 -5 3850 112 20 20
81 -6 3980 300 20 20
82 -5 4295 50 20 20
83 -6 4365 170 20 20
84 -5 4675 114 20 20
85 -6 4810 300 20 20
86 -3 5468 245 20 20
87 -4 5540 113 20 20
88 20 3056 160 32 160
89 20 3056 0 32 32
90 20 3584 160 128 96
91 -7 3584 256 32 64
92 20 3616 256 96 64
93 20 4048 352 16 226
94 20 4080 160 16 160
95 20 5616 0 16 96
96 20 5616 224 16 96
97 11 56 256 16 32
98 11 312 256 16 32
99 11 568 256 16 32
100 11 824 256 16 32
101 11 1080 256 16 32
102 11 183 192 16 32
103 11 439 192 16 32
104 11 695 192 16 32
105 11 951 192 16 32
106 11 1207 192 16 32
107 11 1332 64 16 32
108 11 1460 256 16 32
108 11 1588 0 16 32
109 11 1716 64 16 32
110 11 1844 256 16 32
111 11 1972 64 16 32
112 11 2100 256 16 32
113 11 2228 256 16 32
114 11 2356 256 16 32
115 11 2484 256 16 32
116 11 2612 256 16 32
117 11 2740 192 16 32
118 11 2868 64 16 32
119 11 2996 0 16 32
120 11 3124 256 16 32
121 11 3252 64 16 32
122 11 3380 32 16 32
123 11 3508 190 16 32
124 11 3092 384 16 32
125 11 3220 384 16 32
126 11 3352 384 16 32
127 11 3480 384 16 32
128 11 3608 384 16 32
129 11 3736 384 16 32
130 11 3864 384 16 32
131 11 3992 384 16 32
132 11 3672 32 16 32
133 11 3768 256 16 32
134 11 3896 0 16 32
135 11 4024 64 16 32
136 11 4152 192 16 32
137 11 4280 64 16 32
138 11 4408 128 16 32
139 11 4536 64 16 32
140 11 4664 256 16 32
141 11 4792 192 16 32
142 11 4920 256 16 32
143 11 5048 256 16 32
143 11 5176 192 16 32
144 11 5304 256 16 32
145 11 5432 192 16 32
146 11 5560 192 16 32
END