-2 1 1 1 1 -2
-1 1 1 1 1 -1
0 0 0 319 159 5
1 0 0 319 319 12
9 0 0 19 19 9
1001 4 4 517 448 0
1002 0 0 512 364 1
2001 540 41 684 148 0
2002 691 41 835 148 0
2003 841 41 985 148 0
2004 992 41 1136 148 0
2005 1139 41 1283 148 0
2006 540 152 684 259 0
2007 691 152 835 259 0
2008 841 152 985 259 0
2009 992 152 1136 259 0
2010 1139 152 1283 259 0
2011 540 263 684 370 0
2012 691 263 835 370 0
2013 841 263 985 370 0
2014 992 263 1136 370 0
2015 1139 263 1283 370 0
3001 0 0 64 28 2
4001 0 0 15 15 3
4002 16 0 31 15 3
5001 0 0 31 31 6
5002 0 0 31 31 11
6001 900 0 960 66 4
6002 839 0 899 66 4
6003 778 0 838 66 4
6004 716 0 776 66 4
6005 0 0 60 66 4
6006 61 0 121 66 4
6007 122 0 182 66 4
6008 183 0 243 66 4
6009 61 66 121 132 4
6010 300 0 360 66 4
6011 361 0 421 66 4
6012 420 0 480 66 4
6013 600 0 649 66 4
6014 539 0 588 66 4
6015 480 0 540 66 4
6016 240 0 304 66 4
6017 660 0 720 66 4
6018 420 66 486 132 4
6019 -1 132 62 198 4
6020 61 132 125 198 4
6021 480 66 540 132 4
6022 901 132 960 198 4
6023 839 132 899 198 4
6024 250 67 300 133 4
6025 310 67 360 133 4
6026 650 67 710 133 4
6027 589 67 649 133 4
6028 115 67 165 133 4
6029 175 67 225 133 4
6030 788 67 838 133 4
6031 726 67 786 133 4
6032 0 67 60 133 4
6033 900 67 960 133 4
7001 0 0 240 66 8
7002 241 0 481 66 8
7003 482 0 722 66 8
7004 1199 0 1439 66 8
7005 958 0 1198 66 8
7006 717 0 957 66 8
7007 0 67 240 133 8
7008 241 67 481 133 8
7009 482 67 722 133 8
7010 1199 67 1439 133 8
7011 958 67 1198 133 8
7012 717 67 957 133 8
7013 0 134 240 200 8
7014 241 134 481 200 8
7015 482 134 722 200 8
7016 1199 134 1439 200 8
7017 958 134 1198 200 8
7018 717 134 957 200 8
8001 0 0 31 63 7
8002 32 0 63 63 7
9001 0 0 27 31 31
9002 28 0 55 31 31
9003 0 0 15 15 33
9004 0 0 23 19 34
9005 0 0 31 25 35
9006 0 0 31 31 36
9007 0 0 29 27 37
9008 0 0 29 27 38
9009 0 0 31 31 39
9010 -1 0 31 17 40
9011 0 0 29 31 41
9012 0 0 32 39 42
9013 0 0 27 27 43
9014 0 0 27 27 44
9015 -1 0 31 31 45
9016 30 0 59 29 32
9017 0 0 29 29 32
9018 60 0 89 29 32
10001 0 0 95 287 10
11001 0 0 15 32 13
11002 16 0 32 32 13
12001 0 0 10 17 14
12002 11 0 21 17 14
12003 22 0 32 17 14
13001 0 0 31 31 15
13002 0 0 31 31 16
14001 0 0 31 17 17
14002 32 0 63 17 17
15001 0 0 27 27 18
15002 28 0 55 27 18
15003 56 0 83 27 18
15004 140 0 167 27 18
15005 112 0 139 27 18
15006 84 0 111 27 18
16001 0 0 29 27 19
16002 30 0 59 27 19
16003 60 0 89 27 19
16004 90 0 119 27 19
16005 210 0 239 27 19
16006 180 0 209 27 19
16007 150 0 179 27 19
16008 120 0 149 27 19
17001 0 0 31 25 20
17002 32 0 63 25 20
17003 64 0 95 25 20
17004 160 0 191 25 20
18001 0 0 33 63 21
18002 34 0 67 63 21
18003 102 0 135 63 21
18004 68 0 101 63 21
19001 0 0 63 31 22
19002 64 0 127 31 22
19003 128 0 191 31 22
19004 192 0 255 31 22
19005 256 0 319 31 22
19006 320 0 383 31 22
19007 384 0 447 31 22
19008 448 0 511 31 22
20001 0 0 15 15 23
21001 0 0 47 95 24
21002 32 0 95 95 24
21003 80 0 191 95 24
22001 32 0 63 31 25
22002 64 0 95 31 25
22003 96 0 127 31 25
22004 192 0 223 31 25
22005 160 0 191 31 25
22006 128 0 159 31 25
23001 0 0 31 63 26
23002 32 0 63 63 26
23003 64 0 95 63 26
23004 160 0 191 63 26
23005 128 0 159 63 26
23006 96 0 127 63 26
24001 0 0 13 11 27
25001 0 0 95 45 28
25002 96 0 191 45 28
25003 192 0 287 45 28
26001 0 0 15 19 29
27001 0 0 13 27 30
28001 0 0 42 43 46
28002 43 0 85 43 46
28003 86 0 128 43 46
END